n_estimators: 142
max_depth: 36
min_samples_split: 18
min_samples_leaf: 3
max_features: 0.24466069710008076
criterion: absolute_error
bootstrap: False
min_impurity_decrease: 0.009490372393267202
gll_early_stop_threshold: 0.019187261458143385
max_iterations: 5
